"Y1","Y2","X1","X2","X3","X4"
1,1,1,0.446698762010783,0.740370535291731,-0.0678359465673566
1,1,1,0.790919933002442,-0.628916046116501,0.768610970582813
0,1,1,-0.260712336283177,0.509799390565604,-0.637794470880181
1,1,1,-0.645390280056745,0.875801560934633,-0.0986847872845829
1,1,1,0.342411749530584,0.0377331133931875,0.691570932976902
0,0,1,-0.618046350311488,-0.745560242328793,-0.928841766901314
0,0,1,-0.782743006944656,-0.832529243081808,0.850673660635948
1,1,1,0.378285091370344,-0.52190116699785,-0.411103584803641
0,1,1,0.239906816743314,0.427075397688895,-0.383575265761465
0,1,1,0.375762756448239,0.032450944185257,-0.870472856331617
0,0,1,-0.232442476786673,-0.785992478951812,-0.495792857836932
0,1,1,0.416386905591935,-0.530015777796507,-0.345817184075713
1,1,1,-0.952287966851145,-0.580827004276216,0.80365892034024
1,1,1,-0.131509706377983,0.597024625632912,-0.0874369475059211
1,1,1,-0.376200653612614,0.898057722952217,0.114948396570981
1,1,1,-0.168251179158688,-0.311948592308909,0.0805367664434016
1,1,1,-0.869175483006984,0.611112301703542,0.367541539948434
1,1,1,0.190135089680552,0.0578938340768218,-0.621154548134655
0,0,1,-0.744808478280902,0.0848027695901692,-0.520225893706083
0,0,1,-0.483951275702566,-0.468941984698176,-0.415431424044073
1,1,1,0.397091847844422,0.633099694270641,-0.382794175762683
1,1,1,-0.321167684160173,0.586902780458331,0.197737031150609
1,1,1,-0.497754441108555,0.857462116517127,-0.569750288035721
1,0,1,-0.643278384115547,0.227442836854607,0.318168203346431
1,1,1,0.925387068651617,0.771167767234147,-0.180352271534503
1,1,1,0.517859876621515,0.848116281442344,0.228806702885777
1,1,1,-0.505465055815876,0.750270782969892,-0.0657380949705839
0,1,1,-0.769706991501153,0.313179935794324,-0.717689060606062
1,1,1,0.745471768081188,0.13437823811546,0.287838294636458
1,1,1,0.271647115703672,0.788753660395741,-0.413229051511735
0,0,1,-0.794116051401943,-0.485608733259141,-0.487224185839295
0,1,1,0.141343587078154,-0.937569620553404,0.760618593078107
1,1,1,0.766041814349592,-0.348621624521911,0.384676669724286
0,0,1,-0.612440327648073,-0.496719562448561,0.324177199508995
1,1,1,-0.0914955008774996,0.801574244629592,0.579543853644282
1,1,1,-0.112576506566256,-0.388382299337536,0.682592852506787
0,1,1,0.162869441788644,0.204154271632433,-0.722772480919957
0,1,1,0.469248552806675,-0.188085146714002,-0.773795068264008
1,1,1,-0.618215441703796,-0.711975572165102,0.996859696228057
1,1,1,0.176919157616794,0.142321459483355,0.855335338972509
0,1,1,0.270549817476422,-0.737740066833794,0.174926316831261
0,1,1,-0.375720388721675,-0.254616711288691,-0.683559703174978
0,1,1,0.506876271683723,-0.450531388632953,-0.880632519721985
1,1,1,-0.600364785175771,0.0210527847521007,0.091899786144495
1,1,1,0.532484479248524,0.854415801353753,-0.113683613482863
1,1,1,0.524137277621776,0.88843229226768,-0.606820684392005
1,1,1,0.0302303973585367,0.671295386273414,0.202389415819198
1,1,1,0.744330720044672,0.773620598949492,-0.0739823211915791
1,1,1,0.749082800932229,0.885742741636932,-0.0868484578095376
0,1,1,-0.743492263369262,-0.0900995880365372,0.300529857631773
1,1,1,0.174915420357138,-0.318482312839478,0.633857090957463
1,1,1,-0.0497176609933376,0.718400639481843,-0.346066418103874
1,1,1,0.661641252227128,0.99342373944819,-0.944982305634767
1,1,1,-0.590065886732191,0.989557004999369,0.377592545934021
1,1,1,0.806056449189782,0.635632883291692,-0.250368613284081
1,1,1,0.846995525527745,0.439343269448727,-0.674743853043765
1,1,1,0.704347926657647,-0.212452216073871,0.390908040106297
1,1,1,0.676357001531869,-0.440381812397391,0.193318577948958
0,1,1,-0.0110241854563355,-0.15189338196069,-0.446734426543117
0,1,1,-0.176711942069232,0.775398850440979,-0.511858694255352
1,1,1,0.340560474898666,0.701100511942059,0.761280114296824
0,0,1,0.158924821764231,-0.914190230425447,-0.837119906675071
0,1,1,0.634252273011953,0.017867739778012,-0.899697706568986
1,1,1,0.248032272793353,0.594680797774345,0.00970647251233459
1,1,1,0.933656325098127,-0.813906966708601,0.933266279287636
0,1,1,-0.517932762857527,-0.358538741245866,-0.0215104385279119
0,0,1,-0.75421519158408,-0.569688027258962,-0.0550151020288467
1,1,1,0.241598661057651,0.997700940817595,0.549027143977582
1,1,1,-0.36870200233534,0.341896741650999,0.241145701613277
0,0,1,-0.323751138523221,-0.774513472337276,0.0934848575852811
1,1,1,-0.565815508365631,0.699376403354108,-0.620337896049023
0,0,1,-0.337612103670835,-0.603188670706004,-0.983460071031004
0,1,1,0.48019856447354,-0.863725899718702,0.24391599977389
1,1,1,-0.396394893527031,0.0368909449316561,0.997005954850465
1,1,1,0.338655609637499,-0.875959572382271,0.227105212863535
0,1,1,0.13669661572203,-0.635088684502989,0.858352198265493
1,1,1,-0.0643327790312469,0.663817009888589,-0.727294849231839
0,1,1,0.588159278500825,-0.302547277417034,-0.582096486818045
1,1,1,0.5160943265073,0.88618035800755,0.797557326033711
0,1,1,-0.335353125818074,0.923380403313786,-0.776664193719625
0,1,1,-0.54626090079546,0.281993659213185,-0.555127247236669
1,1,1,-0.417945748660713,0.145098756998777,0.430814858991653
0,1,1,-0.394828196614981,-0.119801410008222,-0.433849764522165
0,1,1,0.852063124533743,-0.66958552133292,0.636972859036177
0,1,1,-0.0939889247529209,-0.266033731866628,0.915882337838411
0,0,1,-0.745979578699917,-0.909563416149467,0.192172362469137
0,1,1,0.0141892218962312,0.157453569583595,-0.0441729524172843
0,1,1,0.675311365164816,-0.57691857824102,0.496692485641688
1,1,1,0.081600840203464,0.794796125497669,-0.00725863315165043
1,1,1,0.751290563959628,-0.168574359733611,0.62151322606951
1,1,1,0.19643451506272,0.966681744903326,0.202615765389055
1,1,1,0.6233447692357,0.414804593659937,-0.395770054776222
1,1,1,0.119542457628995,0.24675585096702,0.816988833248615
0,1,1,-0.326432514935732,-0.439276529010385,-0.131996395997703
0,1,1,-0.0833922610618174,-0.847430342808366,0.749514714814723
0,1,1,0.702666559256613,-0.496126866433769,-0.480219207704067
0,1,1,0.328775162342936,-0.320196725428104,-0.912369455676526
0,1,1,-0.0260653202421963,0.106960403267294,-0.896892341319472
0,0,1,-0.488370697945356,-0.580488486681134,0.340068375691772
1,1,1,-0.472544328775257,0.993671347387135,-0.519524023868144
1,1,1,0.869676270056516,0.597422541119158,0.526977255009115
0,1,1,-0.00814000470563769,-0.16183494636789,-0.938864651601762
1,1,1,-0.206595597788692,-0.177802692167461,-0.0276693892665207
1,1,1,0.17140405299142,-0.524960565846413,0.929709818214178
0,0,1,-0.29267548955977,-0.982592034619302,-0.651599240023643
0,1,1,0.785558023955673,-0.63427267735824,-0.477302229963243
0,1,1,0.276674789842218,-0.840808003675193,-0.251912903040648
1,1,1,0.265722225420177,0.788502547424287,-0.610976128838956
1,1,1,0.176792080514133,0.974173984955996,0.468688838649541
1,1,1,-0.111903710756451,0.199629279784858,0.869318032171577
1,1,1,0.575001652352512,0.41185816237703,0.369000536389649
1,0,1,-0.903126208111644,0.0601438703015447,0.413808021694422
1,1,1,0.0491647785529494,0.611849679611623,0.930199335794896
0,0,1,-0.945364219136536,-0.405243936926126,-0.336488630156964
0,0,1,-0.489289757329971,-0.844443199690431,0.585694724228233
1,1,1,0.585034905001521,0.713730229530483,0.164747266098857
1,1,1,0.610073270276189,0.806036436930299,0.491368353832513
1,1,1,0.439157738350332,0.579402991104871,-0.507802212610841
1,1,1,-0.355939006898552,0.090497019700706,0.439512230455875
1,1,1,0.533718653488904,-0.939479418098927,0.294918679166585
1,1,1,0.682943663094193,0.439746109303087,0.718125720042735
1,1,1,-0.719152193050832,0.914296285249293,-0.711327975150198
1,1,1,-0.0742683843709528,-0.855872998014092,0.59266708465293
1,1,1,0.019145262427628,-0.177112167701125,0.739126150496304
1,1,1,0.217333097476512,0.890493877232075,-0.0279660164378583
1,1,1,0.689212761819363,-0.835771295707673,0.460925435181707
1,1,1,0.272662356961519,-0.63143520988524,0.962521160952747
0,0,1,-0.709305752068758,-0.423326741438359,0.772139792330563
1,1,1,0.680571184493601,0.567199391778558,0.0310477707535028
0,0,1,-0.853884726762772,-0.582291776780039,-0.97704447992146
1,1,1,0.62580705108121,0.653620163910091,-0.603790865279734
0,1,1,-0.0654499931260943,-0.165128972381353,-0.451584840659052
0,1,1,0.46321257064119,-0.981667665764689,-0.898404749110341
1,1,1,-0.470571873243898,0.976233369670808,-0.496806481387466
1,1,1,0.752398943994194,0.402452705893666,-0.491490857675672
0,0,1,-0.910656675230712,0.112287423107773,-0.181763735599816
1,1,1,0.819051141384989,0.811553053092211,-0.90176730370149
0,1,1,-0.323475087527186,-0.379735432099551,-0.392869241070002
1,1,1,0.813730018679053,0.689157786779106,-0.639337297528982
1,1,1,0.0108030796982348,0.76599462563172,0.994480435270816
1,1,1,-0.704255144577473,0.318609942216426,-0.168745138216764
0,1,1,-0.851848396006972,-0.16167435888201,-0.471880075056106
1,1,1,0.671085856854916,0.162160855717957,0.239458542782813
1,1,1,0.792134509421885,-0.528885371983051,-0.160593751817942
1,1,1,0.816998414695263,0.733705686405301,0.679838362149894
1,1,1,0.999043269548565,0.81949067953974,0.0954883503727615
0,0,1,-0.53139086579904,-0.534956785384566,-0.434359304606915
1,1,1,0.604906199965626,0.203966243192554,0.645484811160713
1,1,1,-0.585176062770188,0.769955298863351,0.408543808851391
0,1,1,-0.708568177651614,-0.0376343671232462,0.131085975561291
0,1,1,0.429605164565146,-0.0217522629536688,-0.735769181046635
1,1,1,0.750460875220597,0.995050964411348,0.77974009141326
1,1,1,0.789542324375361,0.0334861683659256,0.190793054178357
0,1,1,-0.0928464983589947,0.183593473862857,-0.0225285650230944
0,1,1,-0.819707098882645,0.763431008905172,0.215782495215535
1,1,1,-0.177696506958455,-0.378341560717672,0.134373872540891
1,1,1,0.114855238702148,0.558859895914793,0.816590377129614
1,1,1,0.349543643649668,0.254364114254713,-0.478080831933767
1,1,1,0.840979538392276,0.01185806049034,0.321872807573527
0,0,1,-0.445247401949018,0.175053279846907,-0.0239067813381553
0,1,1,-0.364214606583118,-0.571228939574212,-0.951422635000199
1,1,1,0.480716780293733,0.892631474416703,-0.0903063667938113
1,1,1,0.331472563557327,0.107475092634559,-0.47496477002278
0,0,1,0.0794919151812792,-0.380609645042568,-0.637990953866392
1,1,1,0.0901545775122941,0.931894200388342,0.352577026933432
1,1,1,0.227804181165993,-0.354882850777358,0.550400080624968
0,1,1,0.29335574246943,0.332814898807555,-0.803049477282912
0,0,1,-0.942967683076859,-0.741784205194563,-0.0251244571991265
0,1,1,0.191197344101965,-0.534325865563005,0.888015382923186
1,1,1,0.115137326065451,0.816192011814564,-0.253402930218726
0,0,1,-0.766153140924871,-0.653186817653477,-0.34417565446347
0,1,1,-0.366328031290323,0.284003044012934,-0.684173699468374
0,1,1,-0.449796044267714,0.0455633946694434,-0.973840973805636
0,1,1,0.640315244439989,-0.790818728040904,-0.779562241397798
1,1,1,0.520484826993197,-0.407483052462339,0.259754010941833
1,1,1,-0.0916765197180212,0.309652115684003,-0.0321678193286061
1,1,1,-0.644417985342443,0.741141773294657,0.351486087776721
1,1,1,0.947910172864795,-0.706095188856125,0.721021622419357
1,1,1,-0.467694073915482,0.87405567150563,0.218402157537639
0,1,1,0.754377328790724,-0.420857078395784,-0.369199447799474
0,0,1,-0.809342581778765,-0.0789995137602091,-0.532833867240697
0,1,1,0.62903543189168,0.0563821233808994,-0.848939245566726
1,1,1,0.189750523772091,-0.600488191004843,0.449232576414943
0,1,1,-0.885596741456538,0.725653892382979,-0.925966884940863
0,1,1,0.0490525783970952,-0.821153906639665,0.0470126760192215
0,0,1,-0.913525975309312,-0.597915729507804,-0.387656165286899
1,1,1,-0.909305872395635,0.129260649438947,0.372594942804426
0,1,1,-0.810812848620117,0.0658987620845437,-0.554556449875236
1,1,1,0.580886316951364,0.730914596002549,0.900554563384503
1,1,1,0.376645282842219,-0.263950978405774,-0.201665268279612
1,1,1,0.386552484706044,0.375693614594638,0.741164761595428
0,1,1,0.518745023757219,-0.308487912174314,0.19855666719377
1,1,1,-0.301437352318317,0.706392456777394,0.805184773635119
0,1,1,0.867857609409839,0.553461653646082,-0.661570102442056
1,1,1,-0.39537247037515,0.514982189051807,-0.725304706953466
1,1,1,0.315657069440931,0.532871171832085,0.639238820876926
0,1,1,0.0651316866278648,-0.724417018238455,-0.58317670924589
0,1,1,-0.0234122877009213,0.306914614979178,-0.65937143098563
0,1,1,0.424782971385866,-0.708165034186095,-0.327428837772459
0,0,1,-0.922008748631924,-0.385919806547463,-0.499123567249626
1,1,1,-0.026495598256588,-0.0504711936227977,0.2011613775976
1,1,1,-0.311137657146901,0.955934135708958,0.66588432341814
1,1,1,0.448239945340902,-0.74986073654145,0.469876133836806
1,1,1,0.492422844283283,0.605745227076113,0.903122630435973
0,1,1,-0.961754399817437,-0.223627774044871,-0.0804995582439005
1,1,1,-0.652381083462387,0.660617935005575,-0.0128473932854831
1,0,1,-0.79582299105823,-0.445359063334763,0.180291251745075
0,1,1,0.0937279067002237,0.627886137459427,-0.229572272393852
1,1,1,0.651172481477261,0.0427371272817254,0.338684468064457
0,1,1,-0.123135878704488,0.641559714451432,-0.983601795509458
0,0,1,-0.921231224667281,-0.184212496969849,0.133987576700747
1,1,1,-0.473148663528264,0.624429645016789,-0.243779932148755
1,1,1,0.461664553266019,0.13807100430131,-0.379214747808874
1,1,1,0.997277594637126,-0.967187945265323,0.988043093588203
0,1,1,-0.252467358950526,-0.767975009512156,0.583569441456348
0,1,1,-0.638851886615157,0.433402887545526,-0.149518837220967
1,1,1,0.78544362494722,0.0360729200765491,0.433053102344275
0,1,1,0.941415086854249,-0.573092381469905,-0.293539001140743
1,1,1,0.344443439505994,-0.0702731027267873,0.641610472928733
1,1,1,-0.849823395255953,0.19488144479692,0.800290771760046
0,1,1,-0.748331435956061,-0.18294434947893,0.192066318355501
0,1,1,0.587701960001141,-0.416341665200889,-0.748482455033809
0,1,1,0.528711850754917,-0.578258593566716,0.549409941304475
0,1,1,-0.428810283541679,0.622839703224599,-0.630452688783407
1,1,1,-0.360995282419026,-0.119476648513228,0.898535612970591
1,1,1,0.174739339854568,0.587842384818941,0.604986315593123
0,0,1,-0.74080394860357,-0.947168078739196,0.640452860388905
1,1,1,0.887538625393063,-0.557315590791404,0.997659096494317
0,0,1,0.355840615928173,-0.831413361243904,-0.244730664882809
1,1,1,0.477706382516772,-0.307689105160534,-0.531846010591835
0,1,1,-0.0518101998604834,0.649049062281847,-0.89913339773193
0,1,1,-0.408888698089868,-0.478201270569116,0.192596901208162
0,1,1,0.0101056932471693,0.450295847374946,-0.344092438928783
1,1,1,0.769904059357941,0.55693081067875,-0.196058181580156
1,1,1,0.659857062622905,0.474808254744858,0.308960545808077
0,1,1,0.701036914251745,-0.362118030898273,-0.643963893409818
1,1,1,0.898129757028073,0.423957055900246,0.789929433725774
0,0,1,-0.799797877203673,-0.91875392338261,-0.295056708622724
1,1,1,-0.863680827897042,0.434670621529222,0.306283300742507
0,1,1,0.376637764740735,0.149577719625086,-0.419484244193882
1,1,1,-0.351702969986945,0.652889519464225,0.0668563190847635
0,0,1,-0.998424394987524,-0.278068341314793,0.519194819033146
1,0,1,-0.863506704568863,0.38231033552438,-0.261006063316017
0,1,1,-0.664211331866682,-0.951930575538427,0.360003399662673
1,1,1,0.95217641396448,0.443605289794505,-0.913795225787908
0,1,1,0.656219546683133,0.287787273991853,-0.913794318214059
1,1,1,-0.121568386908621,0.899839108809829,-0.417549874633551
1,1,1,0.904206768609583,-0.024786920286715,0.680609669070691
0,1,1,0.749645620118827,-0.682971122208983,-0.945083641912788
1,1,1,0.891033244784921,0.988657043781132,-0.0877894177101552
1,1,1,0.912653416395187,-0.0203577713109553,0.194040480069816
0,1,1,-0.476665182970464,0.676541638560593,-0.369183240924031
1,1,1,0.915064000990242,-0.153606320731342,-0.26745931385085
1,1,1,-0.527302493806928,0.548087541479617,0.699580959510058
1,1,1,0.944621958304197,-0.55487955827266,0.773258738219738
1,1,1,0.489966410212219,0.268968890886754,0.626836972311139
1,1,1,0.11258704867214,-0.11340280296281,-0.173988435417414
1,1,1,0.318841753993183,-0.804596021771431,0.734948640689254
0,1,1,0.0935122426599264,-0.527559878770262,-0.878844009246677
0,1,1,-0.246344312559813,-0.990284772124141,-0.0978960450738668
1,1,1,0.219154021702707,0.307623791042715,0.238034395035356
1,1,1,-0.359626205638051,-0.200128279626369,0.612075621262193
0,1,1,-0.498572765849531,0.0749975149519742,-0.779384863562882
1,1,1,0.420867771375924,0.500297307036817,0.964812817517668
1,1,1,-0.455114812590182,0.494929783511907,0.6802251143381
1,1,1,-0.494271873962134,0.783712586387992,-0.423293953295797
0,1,1,-0.376320258248597,-0.13263923348859,-0.110153678804636
1,0,1,-0.226193909533322,-0.707964098080993,0.377928875852376
0,1,1,-0.601995536591858,-0.204651603940874,0.140792737714946
0,1,1,0.315349013544619,-0.786118911579251,-0.544297132175416
1,1,1,-0.244994768407196,-0.0468179932795465,-0.0346512449905276
0,0,1,-0.514557171612978,-0.599064521491528,0.324999405536801
1,1,1,0.86113520571962,0.331939263269305,0.0404532277025282
1,1,1,-0.428477926645428,-0.431775508448482,-0.00370817445218563
1,1,1,0.982907083816826,-0.25446385378018,0.8625957374461
1,1,1,0.177791419904679,-0.136973281856626,0.621752691920847
0,1,1,-0.991695125587285,0.68953248905018,-0.00289865350350738
1,1,1,-0.716976593714207,-0.171721793245524,0.835240948945284
1,1,1,0.972200208809227,0.27119711600244,-0.490399823058397
1,1,1,-0.305418306961656,0.127798422239721,0.267629824578762
1,0,1,-0.95636080019176,-0.349132378585637,0.251170472241938
0,0,1,-0.549408272374421,-0.567889471538365,-0.49406094616279
0,0,1,-0.77812564978376,-0.101261838339269,-0.261637850664556
1,1,1,-0.554668898694217,0.281576494220644,-0.0591030330397189
0,1,1,0.228186619002372,-0.284143443219364,-0.747666852083057
0,0,1,-0.514238216914237,-0.800935579929501,-0.322620963677764
0,1,1,-0.700924548786134,0.130063686519861,-0.359109367243946
0,1,1,-0.730375529732555,-0.152821375522763,0.123187671881169
0,1,1,-0.523787722922862,0.955019362270832,-0.94588753208518
0,0,1,-0.390317774843425,-0.919327422045171,-0.92369680525735
0,1,1,-0.000501436181366444,-0.82135747699067,-0.30624710675329
0,1,1,0.939185960683972,-0.352006003726274,-0.972160975914448
0,1,1,0.713503849226981,-0.60039154952392,-0.172163853421807
1,1,1,-0.209734983276576,0.391917134169489,0.743872634600848
1,1,1,0.189623109064996,0.197436436545104,0.111770021729171
0,1,1,0.748344820458442,-0.86149073112756,-0.204939819406718
0,0,1,-0.610474287997931,-0.0491115320473909,-0.937186628114432
1,1,1,0.0659111361019313,0.204523765016347,-0.435432743746787
1,0,1,-0.973512049764395,-0.359575228765607,-0.137039045803249
0,1,1,-0.108400674071163,-0.817789350170642,-0.847990568727255
0,1,1,-0.358388730324805,0.178208286408335,-0.137060538399965
1,1,1,0.300803895574063,0.882739321794361,-0.126461791805923
1,1,1,0.732206101063639,0.391309761907905,0.317388058174402
0,1,1,-0.446373162791133,-0.954203186091036,0.949584774672985
0,1,1,0.556152810808271,0.14168169349432,-0.403162873350084
0,1,1,-0.670410973951221,0.815836884547025,-0.921126345172524
1,1,1,0.375547620467842,0.626231330446899,0.332041419111192
1,1,1,0.37743445020169,0.194203162100166,0.789131914731115
1,1,1,0.37894340371713,0.871412600856274,-0.507322320714593
0,0,1,-0.877263154834509,-0.436187809798867,0.584749151952565
0,1,1,0.622966372407973,-0.92520323721692,-0.976760450750589
1,1,1,-0.5766167989932,0.48411780083552,0.0150265423581004
1,1,1,0.985552789643407,-0.284721101168543,0.386065508238971
0,1,1,-0.747821126133204,0.510118264704943,-0.766745985951275
0,1,1,0.0467042187228799,-0.287613626103848,0.159821892622858
0,0,1,-0.621710960753262,-0.303087417036295,-0.717094536405057
0,1,1,-0.926675877999514,0.169134608469903,0.567446141969413
1,1,1,-0.380522350315005,-0.0822158334776759,0.79252540692687
1,1,1,0.467146414797753,-0.987735780887306,0.569041636306792
1,1,1,0.930467316880822,-0.705696155317128,0.12877234723419
1,1,1,-0.642831381876022,0.485332338139415,0.401470877695829
1,1,1,0.600149308331311,0.61754115158692,-0.996045978274196
0,0,1,-0.791524165309966,-0.840294778347015,-0.528522554785013
0,1,1,0.278680721763521,-0.835674735717475,-0.198579655960202
0,1,1,0.0189664494246244,-0.41432694485411,-0.157329915557057
0,1,1,0.180860471446067,-0.622503649909049,-0.160693621728569
1,1,1,0.059742976911366,0.521231655031443,0.0921436930075288
0,1,1,0.310459109023213,-0.687000713776797,-0.600255584344268
1,1,1,0.276166756171733,0.415529937017709,-0.115852239541709
1,1,1,-0.0708025321364403,0.318769947625697,0.878265149891376
0,1,1,0.168220174964517,-0.478677432052791,-0.727904819417745
0,0,1,-0.974384650588036,-0.821308807935566,0.788477641064674
1,1,1,0.629586023744196,0.469063222873956,-0.0661778412759304
0,1,1,-0.578354014549404,0.262185705360025,-0.227611237671226
1,1,1,0.542400015983731,0.762683616485447,-0.792942666448653
1,1,1,-0.442141326609999,0.62355089513585,-0.765965564642102
0,1,1,-0.230642919894308,-0.271808405406773,-0.631691142451018
0,1,1,0.555462681688368,-0.175218208227307,-0.21845206618309
0,0,1,-0.565517224371433,-0.940002321265638,0.189470401965082
0,0,1,-0.388984206132591,-0.356020980514586,-0.311289793811738
1,1,1,-0.0366970472969115,0.695454143919051,0.272134451661259
1,1,1,0.272940412629396,0.280087931081653,0.485101339407265
1,1,1,0.492983615957201,-0.836782897356898,0.776996097527444
1,1,1,-0.286857905331999,0.039544012863189,0.490104040130973
0,1,1,-0.709351670928299,0.523867697454989,-0.8095084563829
1,1,1,-0.945225673727691,0.800707102753222,-0.145292566623539
1,1,1,-0.471838811878115,0.855647820513695,0.00855243997648358
1,1,1,0.154842298943549,-0.859035217668861,0.375653762836009
1,1,1,0.416782829444855,-0.536323062609881,0.197064434178174
1,1,1,0.715242083650082,0.559611907228827,0.384819683153182
0,1,1,0.287962007336318,-0.180149586405605,-0.550092995166779
1,0,1,-0.75047066481784,-0.858467053156346,0.572548624593765
1,1,1,-0.364586922805756,0.0751514784060419,-0.228626400232315
1,1,1,-0.685679398477077,0.304697000421584,0.528049456421286
1,1,1,0.64257241692394,0.474636535625905,0.629208946134895
0,1,1,0.100661963224411,-0.169273853302002,-0.172944922931492
1,1,1,-0.25651999656111,0.918888953514397,0.37474452611059
1,1,1,-0.0162093001417816,0.194543477613479,-0.0310515225864947
0,1,1,-0.465251842979342,0.809252309147269,-0.743185416795313
0,1,1,0.643930371850729,0.350052388384938,-0.813383107073605
1,1,1,-0.0477718086913228,-0.986597038805485,0.895374668296427
0,1,1,-0.815853119362146,-0.729857082478702,0.265194301027805
1,1,1,0.939238085411489,-0.225223185028881,-0.131544730626047
0,1,1,0.66257357224822,-0.780723863746971,-0.613027297426015
1,1,1,0.382550566922873,0.221715767867863,-0.79802972683683
0,0,1,-0.778296357486397,-0.533802025020123,-0.0124340723268688
0,0,1,-0.899468100164086,-0.500165454111993,-0.226047716103494
1,1,1,0.414896719157696,0.0233377693220973,0.115480594802648
1,1,1,-0.518965257331729,0.909822083078325,0.48150052363053
0,1,1,0.148633303120732,0.931549859233201,-0.835450189188123
1,1,1,0.618596760090441,-0.373256101273,-0.110914364922792
0,1,1,0.561623790301383,-0.648216139059514,-0.448553114198148
1,1,1,-0.890215316787362,0.82882321998477,0.873612621799111
1,1,1,0.145675496663898,0.33796925470233,-0.193409683648497
1,1,1,-0.0355942286550999,-0.473953666165471,0.534999367315322
1,1,1,-0.0337837766855955,-0.733427193015814,0.329450558871031
0,1,1,-0.552548753563315,-0.78166725859046,0.169426168315113
1,1,1,0.0836535571143031,0.387672864366323,0.0481884949840605
0,1,1,0.603086845949292,-0.213168986607343,0.104902185034007
0,1,1,-0.305722594261169,-0.461420031264424,-0.061814300250262
0,1,1,-0.400332409888506,-0.281759270466864,-0.943053310737014
1,1,1,0.674184663686901,0.298029874451458,-0.813515591435134
0,1,1,0.762975403573364,-0.448178560938686,-0.340583324432373
1,1,1,-0.340833470225334,0.868258051108569,0.309526924975216
0,1,1,0.842473178636283,-0.698630524333566,-0.872088177595288
1,1,1,0.117618523072451,0.337501390837133,-0.238857537508011
0,1,1,0.278571711387485,0.690057307481766,-0.932136964052916
1,1,1,0.312582946382463,0.284138406161219,0.105186278931797
1,1,1,-0.774167438503355,0.158626660704613,0.842758674640208
0,1,1,-0.86036030901596,0.89169097552076,-0.202539487741888
1,1,1,0.306664722505957,0.983455296605825,-0.795867221895605
1,1,1,0.94173476472497,-0.0894845742732286,0.296425642911345
0,1,1,0.53985438728705,0.0638044606894255,-0.633543752599508
1,1,1,-0.570032572839409,0.4240578180179,0.539788000285625
1,1,1,0.895334327593446,0.59245461365208,0.285194654949009
1,1,1,-0.372266610153019,0.1986736911349,0.00921423360705376
1,1,1,-0.607664943207055,0.944832808803767,-0.198451776057482
1,1,1,0.952017926145345,0.25469588721171,0.518546889070421
1,1,1,-0.230504454579204,-0.116051587741822,-0.0801250888034701
1,1,1,0.126197471283376,0.0960864117369056,0.49251004261896
1,1,1,0.289582687895745,0.6120585789904,0.328532091341913
0,0,1,-0.848843200132251,-0.478858796879649,-0.383048589341342
1,1,1,0.774700218811631,-0.870958511251956,0.438607628457248
1,1,1,-0.218069456983358,-0.323202387895435,0.0118911685422063
1,1,1,0.405856743920594,0.531279984861612,0.938479628413916
1,1,1,-0.887638926040381,0.979905686341226,0.264460405800492
1,1,1,0.806826111394912,-0.072694736532867,0.809695372823626
1,1,1,0.925437470432371,-0.218179498333484,0.730551545042545
0,1,1,-0.516502686776221,0.901040632277727,-0.861479603219777
1,1,1,0.481560337822884,0.728310529142618,0.705416103359312
1,1,1,-0.45622627530247,-0.183336029294878,0.698170083109289
1,1,1,-0.940633847378194,0.63550340058282,0.959018182940781
1,1,1,-0.876041223760694,-0.0812250445596874,0.677045475225896
1,1,1,0.383850451093167,0.322031600866467,-0.821943629067391
1,1,1,0.439475705381483,0.8805339531973,-0.772309363819659
0,1,1,-0.125351505819708,0.749400877859443,-0.833970684558153
0,1,1,-0.705248303711414,0.141160422004759,-0.250774829182774
1,1,1,0.667509898077697,-0.352357468567789,0.997339603956789
1,1,1,-0.421468116343021,-0.906069353222847,0.745156283024698
0,1,1,0.320984587073326,-0.00924115208908916,-0.237468882463872
1,1,1,-0.899110236670822,0.436907540075481,0.521358876023442
0,1,1,0.298357113264501,-0.58907510433346,0.0301521494984627
0,0,1,-0.418924344237894,-0.460292935371399,-0.668626699130982
1,1,1,0.486989856231958,0.884085525758564,-0.976063027046621
0,1,1,-0.712321513332427,-0.0555195766501129,-0.380813288968056
1,1,1,0.568072410300374,-0.178777483291924,0.617504921276122
1,1,1,-0.0630126637406647,0.729041126556695,-0.583944033365697
1,1,1,-0.482571067754179,0.831843275111169,0.0709672407247126
1,1,1,0.90792121598497,0.755052464548498,-0.176840917207301
1,1,1,0.230724984314293,-0.747562072705477,0.63155798939988
0,1,1,0.030271552503109,-0.305862142704427,-0.558634180109948
1,1,1,-0.0683219940401614,0.681888361461461,0.00086267339065671
1,1,1,-0.0643243044614792,0.673141627572477,-0.33581576962024
0,1,1,-0.45870023407042,-0.279920914210379,-0.202567474916577
1,1,1,0.690845456440002,0.0225801700726151,0.281723487656564
1,1,1,0.21696482039988,0.733190725091845,0.153573183342814
0,0,1,-0.870630240999162,0.844053747132421,-0.906933458056301
1,1,1,0.710178184323013,0.571004562545568,-0.00208061514422297
1,1,1,0.879880263470113,0.235894404817373,-0.639885868877172
1,1,1,0.540714004542679,0.00428568990901113,-0.314993578009307
1,1,1,0.137780918739736,0.1393480040133,-0.117396092507988
0,1,1,-0.418733556754887,0.110546133946627,-0.410367062781006
1,1,1,0.710466341115534,-0.671126215718687,0.54596620099619
1,1,1,0.359620949719101,0.345449612475932,0.844796055927873
0,1,1,-0.343641430605203,0.386584503576159,-0.784016425721347
1,0,1,-0.790210549719632,-0.597274371422827,0.65864004381001
0,1,1,0.834746291395277,-0.508915780112147,-0.937055384274572
1,1,1,-0.178116304334253,-0.304048564750701,0.623240896500647
1,1,1,0.830923202447593,-0.304759096819907,0.680152838584036
1,1,1,0.251246718689799,0.509494026657194,0.273586203809828
1,1,1,0.366750778164715,-0.246978975366801,0.348463917616755
1,1,1,-0.486902552656829,0.734136630315334,0.67129101138562
1,1,1,-0.0263542579486966,0.483432677574456,-0.146310592070222
0,1,1,0.997410628944635,-0.7493931283243,-0.53686873242259
1,1,1,-0.47878874419257,0.628711583092809,0.482842135243118
0,0,1,-0.76315332390368,-0.486749040428549,-0.46655888017267
1,0,1,-0.694479652680457,-0.674136193934828,0.917870266828686
1,1,1,0.732169946655631,0.490317258518189,-0.201183939818293
0,1,1,0.44603717001155,0.473178113345057,-0.909018898848444
1,1,1,0.00181834120303392,0.388914967887104,0.343722165096551
1,1,1,-0.873338628560305,0.637820779811591,0.420690311584622
1,0,1,-0.642603347077966,-0.375965855550021,0.815166687127203
0,1,1,-0.660731910727918,0.557483869604766,-0.156805087812245
0,0,1,-0.566687966696918,-0.613734532147646,0.101161592639983
0,1,1,-0.582192888949066,0.24702070094645,0.234433198813349
1,1,1,0.215130637399852,0.864371770527214,0.764284558128566
0,1,1,0.401689871679991,-0.218848051503301,-0.346650650724769
1,1,1,-0.811486083548516,-0.111592263914645,0.33158767875284
1,1,1,-0.435030897147954,0.885639379732311,0.84968650015071
1,1,1,0.641411379445344,0.339555012993515,0.432459056377411
1,1,1,-0.273213069885969,0.600106165278703,0.741200759075582
1,1,1,0.0364460279233754,-0.734067537821829,0.311230208724737
0,1,1,-0.248158004134893,-0.0184882804751396,-0.0611274838447571
1,1,1,0.967912291176617,0.253363400232047,0.233586383517832
1,1,1,-0.557688335422426,-0.343016995117068,0.774991306010634
0,0,1,-0.432635311502963,-0.935161905828863,-0.747300781309605
0,1,1,0.227928447071463,-0.417213949374855,-0.3558439896442
1,1,1,-0.0971764544956386,0.863987033255398,-0.0315683954395354
0,1,1,-0.235352692659944,-0.4730582726188,-0.951860752888024
1,1,1,0.121626482810825,-0.308963297400624,0.0968086523935199
1,1,1,-0.410927372518927,-0.410180533770472,0.506199350114912
0,0,1,-0.583070851862431,-0.743680472951382,-0.192989476025105
1,1,1,-0.0149062336422503,0.419148267712444,-0.457625619135797
0,1,1,0.67971923854202,-0.807364713400602,-0.767813306301832
1,1,1,0.0334422024898231,-0.460978580638766,0.375919327139854
1,1,1,0.586411860305816,-0.660306714475155,0.217162874527276
0,0,1,-0.263355160597712,-0.855338150635362,-0.58630855102092
1,1,1,0.969539853278548,0.441154038067907,0.752996544819325
1,1,1,-0.0877469647675753,-0.887468735687435,0.895576625131071
0,1,1,0.836110822390765,-0.593500814866275,-0.434157151263207
1,1,1,0.442642165813595,0.506920028943568,-0.446900496259332
1,1,1,-0.948936278000474,0.927190457936376,-0.0695861014537513
1,1,1,-0.964807639829814,0.934571327641606,0.304538959637284
0,0,1,-0.95118291862309,0.407320317346603,-0.344102374278009
1,1,1,0.634210890159011,-0.289752318989486,0.0593299884349108
1,1,1,-0.00142385484650731,0.278573264367878,0.461529083084315
1,0,1,-0.504495001863688,-0.441977193579078,0.169234248343855
0,1,1,-0.100774333346635,0.201277131214738,-0.351819705683738
1,1,1,-0.232310517225415,-0.206378315575421,0.932007987983525
0,0,1,0.396394982002676,-0.9947887994349,-0.150046149268746
0,1,1,-0.495809716172516,-0.723742835689336,-0.163521305192262
1,1,1,0.376877265051007,0.30064134998247,0.440603999886662
1,1,1,-0.248142641503364,-0.379961842671037,0.224023586604744
0,1,1,0.521415336523205,0.0751291681081057,-0.955511157400906
0,1,1,-0.136236648075283,-0.0386907402426004,-0.474894421640784
0,1,1,-0.47684775525704,0.275105867534876,-0.282081410754472
0,1,1,-0.690786364488304,0.724832179024816,-0.913685999345034
0,0,1,-0.633608949370682,0.436230203602463,-0.774550207424909
0,1,1,0.720035308040679,-0.975731038954109,0.0741237075999379
1,1,1,0.232504384592175,0.944658982567489,0.628643078263849
1,1,1,-0.623576496262103,0.940036146901548,-0.522093060892075
1,1,1,0.458352322690189,0.738054474350065,0.65505991410464
0,0,1,-0.983216273132712,-0.954538176301867,0.043370914645493
0,0,1,-0.970959956757724,-0.66494852071628,0.0622745207510889
1,1,1,0.929177053272724,0.698359021451324,-0.725517445243895
0,0,1,-0.876141326036304,0.215955096762627,-0.75292135309428
1,1,1,-0.112805420532823,0.767330628354102,-0.361518323421478
0,1,1,-0.585159372538328,-0.435377745889127,0.425153424497694
0,1,1,-0.269620796199888,0.746960742864758,-0.589712353888899
0,1,1,-0.593685513362288,0.197513821534812,-0.749724344350398
0,1,1,-0.469256155192852,-0.0836778338998556,-0.87287938175723
1,1,1,0.400157920084894,0.0208992171101272,0.815564696211368
0,0,1,-0.97761194454506,-0.577179310843349,-0.0691573470830917
1,1,1,0.765344616957009,-0.808511039242148,0.679276491981
1,1,1,-0.926541251596063,0.721333317924291,-0.816292743198574
0,1,1,0.548112829681486,-0.965800634585321,-0.387585625518113
0,1,1,0.342403656803071,-0.776953903958201,-0.620791112538427
1,1,1,0.68539467221126,0.747726397123188,-0.9602185417898
0,1,1,0.264405528549105,0.270314266439527,-0.780936777126044
1,1,1,0.874906632117927,-0.871398467104882,0.562585275620222
1,1,1,0.586302506737411,-0.753561492543668,-0.641675943043083
1,1,1,-0.461235440801829,0.763690885156393,0.297701328061521
0,1,1,0.634308006148785,-0.716272949706763,-0.6508848243393
1,1,1,0.0705451392568648,-0.24688000138849,0.596187949646264
1,1,1,0.725342436227947,-0.168151843827218,0.302512091584504
0,1,1,0.557589660398662,-0.653916640672833,-0.749630395788699
0,1,1,-0.966825956013054,0.0553168444894254,0.242900053970516
0,1,1,0.214315714780241,0.033466765191406,-0.162524479907006
1,1,1,-0.51247856579721,-0.323872022796422,0.948965951800346
1,1,1,-0.0124806766398251,0.345843297895044,0.428383282851428
1,1,1,-0.490911323111504,0.0984448320232332,0.902558454312384
1,1,1,-0.280042785219848,0.985245895572007,0.250105089042336
0,0,1,-0.980896563734859,-0.831911431159824,-0.614293807186186
0,1,1,0.459012739825994,-0.188574456144124,-0.93329800805077
0,1,1,0.751948478166014,-0.764008023776114,-0.356792304199189
0,0,1,-0.597505629528314,-0.302830349653959,-0.142684277147055
1,1,1,0.274311169050634,0.925930471159518,-0.89769664267078
0,1,1,-0.337305660825223,0.0843057590536773,-0.022284378297627
1,1,1,0.803396183531731,0.332722445018589,0.523242713883519
0,0,1,-0.434263304341584,-0.955543875228614,0.0393656380474567
0,0,1,-0.456739703658968,-0.957861674949527,0.652388176880777
1,1,1,0.519365258514881,-0.127848903648555,0.693405281752348
0,1,1,-0.592480109538883,-0.146904739551246,-0.624391638208181
0,1,1,-0.219559557270259,-0.0765832182951272,-0.913764437660575
1,1,1,-0.162366936448961,0.93536580959335,0.950764102395624
1,1,1,0.948027458041906,0.439900704659522,0.626885173842311
0,1,1,-0.366332549136132,-0.522825349587947,-0.36326971789822
0,1,1,-0.526749812066555,-0.320173605810851,-0.061137679964304
0,0,1,-0.448117565829307,-0.659374775830656,-0.724200205877423
1,1,1,-0.381202527321875,0.64122800482437,0.420304141473025
1,1,1,0.29504570690915,-0.379059566184878,0.968031657394022
1,1,1,-0.44333326164633,0.584290934726596,0.755901417229325
1,1,1,0.818018377758563,0.905717014335096,0.688147397246212
1,1,1,0.731679806485772,-0.627758583985269,0.211867478210479
1,1,1,-0.896351936738938,0.339373562950641,0.129137487150729
1,1,1,-0.521479518152773,-0.645856861490756,0.638954682275653
1,1,1,0.765176423359662,-0.907812921795994,0.657481861300766
1,0,1,-0.485918680205941,-0.335249864496291,-0.19707299862057
1,1,1,0.136776645667851,0.43693939037621,-0.474337240215391
1,1,1,0.973238305188715,-0.389500075485557,0.157159777358174
0,1,1,0.82828947994858,-0.93930482165888,-0.528111901134253
1,1,1,-0.533010476734489,0.13938633678481,0.713755001313984
1,1,1,0.576172027736902,-0.566322368104011,0.950304275378585
1,1,1,-0.712883811444044,-0.472368064336479,0.820830737706274
0,1,1,0.942345782183111,-0.754199648741633,0.481408038642257
1,1,1,0.743381163105369,0.647386494558305,0.848552274983376
1,1,1,0.125092027708888,-0.0624682870693505,0.561813009902835
1,1,1,0.723918214906007,-0.201129836961627,-0.0616595502942801
1,1,1,0.69408492045477,0.643360543530434,0.209583792369813
1,1,1,-0.217857606709003,0.237589568365365,-0.142498007509857
1,1,1,0.437758187297732,-0.183334560599178,0.517106560058892
1,1,1,0.481862497050315,0.710796647705138,0.781022962648422
1,1,1,-0.439337516669184,-0.216252493672073,0.992473385296762
1,1,1,-0.556287023704499,0.323374164756387,0.751175322104245
1,1,1,-0.113300300668925,-0.678424267563969,0.590279136784375
1,1,1,-0.973009270150214,0.592316784895957,0.499319951981306
1,1,1,0.204364793375134,0.239933336153626,-0.40899666538462
1,1,1,-0.326883986592293,-0.090906691737473,0.0733004845678806
1,1,1,0.296363536734134,0.302707172930241,0.070402326527983
0,1,1,0.394973101094365,-0.904448927380145,0.469649427104741
0,1,1,0.0634007509797812,0.253794596530497,-0.0618757512420416
1,1,1,-0.728116460610181,-0.0487144184298813,0.85486999573186
1,1,1,0.780917412601411,0.402516110334545,0.246839819476008
1,1,1,0.276786704547703,-0.0927497274242342,-0.672499301377684
1,1,1,0.205290076322854,0.0520400949753821,-0.184855403844267
1,1,1,0.697080976329744,-0.137348914984614,0.322281046304852
1,1,1,0.492242689244449,0.438523053657264,0.858121979981661
0,0,1,-0.744255036115646,-0.873341709375381,-0.38679895689711
1,1,1,0.162052844651043,-0.687113473657519,0.824005944188684
1,1,1,0.0301430276595056,-0.126356482040137,0.00758921867236495
1,1,1,0.850471931509674,-0.371233850717545,0.949794797692448
0,1,1,0.811579439323395,-0.928986278828233,-0.874617158900946
0,0,1,-0.456789829302579,-0.313192561734468,-0.260617397259921
1,0,1,-0.971203340683132,-0.332948102150112,0.150636245496571
1,1,1,0.0515992129221559,0.659460483118892,-0.2330880924128
1,1,1,0.0859920862130821,0.218737070914358,0.833400957286358
1,1,1,-0.171365688089281,0.475590236019343,-0.0869269878603518
1,1,1,-0.249617262743413,0.716827205847949,0.963116756640375
1,0,1,-0.946799244266003,-0.345549487508833,0.56947326567024
1,1,1,-0.675622032023966,-0.365965617820621,0.948445177171379
0,1,1,0.424693773500621,-0.0173025541007519,-0.286102427635342
1,1,1,-0.266924822237343,0.950765730813146,0.909143515396863
0,1,1,-0.138288056943566,-0.457902295980603,-0.38264643214643
1,0,1,-0.990659725852311,-0.636512514669448,0.916993808466941
1,1,1,0.97488482343033,-0.857824962120503,-0.141692376229912
1,1,1,0.586700108833611,-0.605053422506899,-0.289365754462779
0,0,1,-0.438717675860971,-0.248136623762548,-0.947401844896376
0,0,1,-0.86576846241951,-0.20040945103392,-0.548527483828366
0,1,1,-0.587298751343042,0.989082688000053,-0.973619519732893
1,1,1,0.667546772863716,-0.691539408173412,0.533483189065009
0,1,1,-0.183654482010752,-0.495127115398645,-0.111290720757097
0,0,1,-0.635561472736299,-0.769521037116647,-0.819901421200484
0,1,1,0.483868224546313,-0.845728237647563,0.304945197887719
1,1,1,-0.819814116694033,0.691099810414016,0.800654992926866
0,0,1,-0.832338319160044,-0.350802856497467,0.161514638457447
0,1,1,0.145602659787983,-0.802456425502896,0.31264030886814
0,0,1,-0.665157026611269,0.331091077066958,-0.802470466122031
1,1,1,-0.461411790456623,0.798391533549875,0.543617744930089
1,1,1,-0.214825008995831,-0.764563167933375,0.753489375580102
1,1,1,-0.288249000441283,0.491875261999667,0.701693225186318
0,1,1,0.560606015380472,-0.477803081739694,-0.840315179899335
0,0,1,-0.813789233099669,-0.518259527627379,-0.360029736533761
1,1,1,0.381544901523739,-0.89878878928721,0.596379057504237
1,1,1,-0.433959851041436,0.640893907286227,-0.83938801009208
1,1,1,0.0151318493299186,-0.345358047168702,0.204127347096801
1,1,1,-0.246651018504053,0.241675616241992,-0.645992846693844
0,0,1,-0.87270452035591,-0.242559141945094,-0.602160241920501
0,1,1,0.98226067237556,-0.713396171107888,-0.892093828879297
0,0,1,-0.202538919635117,-0.900868227705359,0.227535371668637
1,1,1,-0.734225124586374,0.028475908562541,0.882881390862167
1,1,1,0.286962571088225,-0.217820238787681,0.692141259554774
0,1,1,0.277191837783903,0.403035599738359,-0.625608613248914
1,1,1,0.883798284456134,-0.063135233707726,0.644379714503884
0,1,1,0.141631797421724,-0.49318197928369,-0.116396066267043
0,1,1,0.440328549593687,-0.455612713005394,-0.888653594534844
1,1,1,-0.270967051386833,0.680191649589688,0.775882756803185
1,1,1,0.840930922888219,0.727450392674655,0.475906223990023
0,1,1,0.0992933595553041,-0.137490672059357,-0.989819957874715
0,1,1,0.569023061078042,-0.919506404083222,0.60338921751827
0,0,1,-0.766268218401819,-0.452020472846925,0.371179224457592
0,1,1,0.0371491466648877,0.107572976499796,-0.775083665270358
1,1,1,0.727628878317773,0.374850335530937,-0.871343936771154
1,1,1,-0.264230442233384,0.366177202668041,-0.117935290560126
0,1,1,-0.351489770691842,-0.383663983549923,-0.552940142806619
1,1,1,-0.126472772564739,0.079643308185041,0.363440155982971
0,1,1,0.696933427359909,-0.153815255500376,-0.5979203437455
1,1,1,-0.121964079327881,0.0463077514432371,0.889003957621753
0,1,1,0.168221787549555,-0.902306329458952,-0.761514816433191
1,1,1,-0.506171783432364,0.369712257757783,0.561645933892578
1,1,1,0.743276949971914,0.110700777731836,-0.215330018661916
0,0,1,-0.800354851875454,0.0411737514659762,-0.802026560995728
0,1,1,0.205630438402295,0.526568771805614,-0.385551466606557
1,1,1,0.323973967693746,0.665128958411515,0.953618509229273
1,1,1,0.894512771163136,-0.0466702436096966,0.478731004521251
0,1,1,0.127543396316469,-0.0515294871293008,0.223607702646405
1,1,1,0.147933416999876,0.788421765435487,0.992604988161474
0,0,1,-0.847591784317046,-0.525426311418414,-0.824268611613661
1,1,1,-0.404139293823391,0.370657335501164,0.653182666748762
1,1,1,-0.231241688132286,-0.444225483573973,0.98140444746241
0,1,1,-0.945808006450534,0.121767394244671,0.17353347549215
1,1,1,0.561606693547219,-0.356969246640801,0.462140863295645
1,1,1,0.00868382304906845,0.915389596484601,0.873560566455126
1,1,1,0.408389709424227,0.965994962956756,0.290443531237543
0,1,1,0.690071607939899,-0.698201611172408,-0.0359589317813516
0,1,1,-0.411558324005455,-0.307434592396021,0.0853457571938634
1,1,1,-0.547269434668124,0.697227042168379,0.48195614060387
1,1,1,0.857758287340403,-0.852868031710386,0.503844448365271
1,1,1,-0.0967685589566827,0.7877999227494,-0.0910869701765478
1,1,1,0.924561657942832,-0.246827783528715,0.754145075101405
1,1,1,-0.201583290006965,0.288480249699205,0.38400354841724
0,0,1,-0.443320572376251,-0.616186237428337,-0.415687353350222
1,1,1,-0.181825992651284,-0.826476579532027,0.743067772593349
1,1,1,0.665098629891872,0.965927629731596,-0.245511293411255
0,1,1,0.622379757463932,-0.753090336918831,-0.629829135257751
1,1,1,0.258820209186524,0.955669849179685,-0.20220885053277
0,0,1,-0.683642045594752,-0.980262576602399,-0.741501188836992
1,1,1,0.420246731955558,0.946715475525707,-0.829488780349493
1,1,1,0.958523655775934,-0.213438772130758,-0.306912736967206
1,1,1,-0.774265490937978,0.387280732858926,0.770055738277733
0,1,1,0.701980764511973,-0.57056282972917,-0.635737726930529
1,1,1,0.832954212557524,0.419130693655461,-0.363052688073367
1,1,1,-0.0895132119767368,0.364645689260215,0.385506075341254
1,1,1,-0.0267252591438591,0.741444044746459,0.124907382763922
1,1,1,0.876775768119842,-0.887406130321324,0.0989853800274432
1,1,1,-0.00298359151929617,0.123041057959199,-0.493424318730831
0,1,1,-0.720379998441786,-0.533349573612213,-0.322600863873959
1,1,1,-0.0495231170207262,-0.738683593459427,0.788066030479968
1,1,1,0.67417303333059,-0.0681320750154555,-0.901369880884886
1,1,1,-0.0306672975420952,-0.234202441759408,0.950718919280916
0,1,1,-0.203727062325925,-0.792166993953288,-0.0618910659104586
0,1,1,-0.455277749802917,0.0848306776024401,-0.585035334341228
0,0,1,0.00803189864382148,-0.743724506814033,-0.00664980290457606
0,1,1,0.0222959886305034,-0.211252732202411,-0.432556141167879
1,1,1,0.461292068473995,0.818755156360567,0.956179533619434
0,1,1,-0.123163150157779,-0.84428101638332,0.318552258424461
0,1,1,0.0852606454864144,0.418910629115999,-0.033305034507066
1,1,1,-0.422189762815833,0.451908098999411,0.559242913499475
1,1,1,0.123290559276938,0.585439174901694,-0.675354193430394
1,1,1,0.223185873124748,-0.522120290901512,0.900101863779128
1,1,1,0.114950302988291,0.467885402962565,-0.876156952232122
0,1,1,0.304623297881335,-0.92211214825511,0.727235584985465
1,1,1,0.486305287107825,-0.667712972033769,0.462325315922499
1,1,1,0.72867609700188,0.853589527308941,0.735939694568515
1,1,1,0.00711814546957612,0.923810128588229,0.555041067767888
0,0,1,-0.587118241470307,-0.91041911393404,-0.217775232624263
1,1,1,0.508800076320767,-0.457790808752179,0.671486642677337
1,1,1,0.289214899763465,0.480043893679976,-0.122624181676656
0,1,1,-0.0207191393710673,-0.12817358924076,-0.829251580871642
1,1,1,-0.156182679813355,0.196602193638682,-0.225168936885893
0,0,1,-0.714117844123393,-0.314942837227136,-0.173475327901542
0,1,1,0.0255158878862858,0.186622029636055,-0.48729750700295
1,1,1,0.252983889076859,-0.797328472137451,0.741287743672729
1,1,1,0.630357305519283,-0.523475331719965,0.814019136596471
0,0,1,-0.0284830671735108,-0.527701960876584,-0.797519331797957
1,1,1,-0.129387854132801,-0.461885114666075,0.263101007323712
0,1,1,-0.461668378207833,-0.675315091852099,0.251126448158175
0,1,1,0.284680474083871,-0.690178526565433,0.380884719546884
1,1,1,-0.0498451944440603,-0.00371146854013205,0.362046948634088
1,1,1,0.371072983369231,0.45500176679343,0.218459023162723
0,1,1,0.438597276806831,-0.481157401110977,0.253182224929333
0,1,1,0.886519211810082,-0.153212079778314,-0.783198512159288
1,1,1,-0.112048739567399,0.164698546286672,0.282430388499051
0,1,1,0.117751541547477,0.568399685900658,-0.214001838117838
1,1,1,0.261623475700617,-0.670932239852846,0.84388865204528
1,1,1,-0.501757021527737,-0.0488262833096087,0.711586880497634
0,1,1,0.103002214804292,-0.677626774646342,-0.721847425214946
0,0,1,-0.632446873001754,-0.415806849952787,-0.92755598668009
1,1,1,0.872379507403821,-0.907444311771542,-0.0277309380471706
0,1,1,-0.0395905021578074,0.316492494661361,-0.771188643295318
0,1,1,0.594279244076461,-0.554183168336749,-0.37170383753255
1,1,1,-0.473308628425002,-0.702700111083686,0.986932653468102
0,0,1,-0.953074519988149,0.314594344235957,-0.445229602046311
0,1,1,0.761363594327122,-0.463904154486954,-0.63990981830284
1,1,1,-0.24390630191192,0.371481706388295,0.715161817613989
0,1,1,0.949194473680109,0.0442388062365353,-0.686540442053229
1,1,1,-0.79464813368395,0.254359770566225,0.668844477739185
0,1,1,-0.372824140358716,-0.503920308314264,-0.0978988572023809
0,0,1,-0.581377278547734,-0.364597348496318,-0.261541969142854
0,0,1,-0.739410142879933,-0.51409580744803,-0.264607975725085
1,1,1,0.668621126562357,-0.688617994077504,0.865901071578264
0,1,1,0.945276392158121,-0.997137853410095,-0.926184892188758
1,1,1,0.323239825665951,0.517310510855168,-0.12386239040643
1,1,1,-0.0253894743509591,0.161487103439867,0.293104841839522
1,1,1,0.863529781810939,-0.212811976671219,0.0473308623768389
1,1,1,-0.562753879465163,-0.323771051131189,0.596448297612369
0,0,1,-0.628653855063021,-0.880429030396044,-0.287828088738024
1,1,1,0.583206073846668,0.506020831409842,0.158566840458661
1,1,1,0.718317713122815,-0.164126086048782,0.873123767785728
1,1,1,0.922125545330346,0.1220354414545,-0.278218404855579
0,1,1,-0.665946046356112,0.213987893890589,0.269121402874589
1,1,1,-0.117705345153809,-0.594843465834856,0.708195416256785
1,0,1,-0.929108775686473,-0.38594870083034,0.0966722527518868
1,1,1,0.14797669230029,0.125099317636341,-0.250971239060163
1,1,1,0.500163039192557,-0.553987980820239,0.108931863680482
1,1,1,-0.332663618959486,-0.903535704594105,0.682478931732476
1,1,1,0.328499768860638,0.813670586794615,-0.582008076366037
1,1,1,0.87544944183901,0.71527073578909,-0.985743110533804
1,1,1,-0.106416296213865,0.0407131565734744,0.468616205733269
0,0,1,-0.477644328959286,-0.627568671945482,0.278708787169307
0,0,1,0.0270507228560746,-0.437161403242499,-0.74754723906517
0,1,1,-0.615738946478814,0.853184681385756,-0.873158020433038
1,1,1,0.742872784845531,-0.585981807205826,-0.0231957421638072
1,1,1,-0.00585439102724195,0.323810379952192,0.538449273444712
0,1,1,-0.353122611995786,0.589654411654919,-0.890185402240604
0,0,1,-0.821552806999534,-0.0705278646200895,-0.408716235309839
1,1,1,0.210796539671719,0.114850730169564,-0.435689190868288
1,1,1,0.924099904950708,-0.478718163911253,-0.155346975661814
1,1,1,0.356356047093868,0.234061693307012,0.44707889482379
1,1,1,0.354539708700031,0.142589846160263,0.825392629951239
0,1,1,-0.452556548174471,-0.296387552749366,0.247705608140677
1,1,1,-0.202111235354096,-0.413914696313441,0.400583975017071
1,1,1,-0.435988694429398,0.747640092391521,0.0185219533741474
1,1,1,-0.168316024821252,-0.0543620428070426,0.591530319303274
1,1,1,0.388627635780722,0.850930758286268,0.985254600644112
0,0,1,-0.690339690074325,-0.309778840746731,0.104856253601611
1,1,1,-0.0420671892352402,-0.270567266270518,0.782217559404671
0,0,1,-0.364942167885602,-0.607715871650726,-0.822959836572409
1,1,1,0.816301214043051,0.704961452167481,-0.879255576059222
1,1,1,-0.790690874680877,-0.269123864360154,0.986720413900912
0,1,1,-0.722164827864617,0.947295346762985,-0.993624683003873
1,1,1,0.698665730189532,0.28111733822152,-0.016583030577749
1,1,1,0.267871497198939,0.698470844421536,0.651651648804545
1,1,1,0.862745977938175,0.944553370587528,0.765044359955937
1,1,1,-0.819643640425056,0.446046244353056,0.802425521891564
1,1,1,0.222572235390544,0.613223617896438,0.231092364992946
1,1,1,0.508230675943196,0.645294107496738,-0.475562003906816
1,1,1,0.703010590746999,-0.3259137426503,-0.145061918534338
0,1,1,-0.0239065014757216,0.262945842929184,-0.99255749117583
1,1,1,0.730121451895684,0.951275526080281,-0.318166705779731
0,0,1,-0.9805783261545,-0.970629627350718,0.373535252176225
1,1,1,0.865884646773338,-0.952131505124271,0.799200681969523
1,0,1,-0.983474302105606,0.0465005808509886,0.415482019074261
1,1,1,0.569243353791535,0.63296157354489,-0.625806495547295
0,1,1,-0.252175278030336,-0.836113478057086,0.223324799910188
1,1,1,0.463831075001508,0.710585669614375,-0.576446962542832
1,1,1,0.249666177202016,0.260720904916525,0.267482959665358
0,1,1,-0.549867448396981,-0.456080359406769,-0.885536637157202
0,0,1,-0.699515056796372,-0.69612829759717,-0.72599056083709
0,0,1,-0.0761623564176261,-0.973404783755541,-0.496562698855996
1,1,1,0.256118210032582,-0.453070713672787,0.589927590917796
0,1,1,-0.994598416145891,0.444761904422194,-0.0840391423553228
0,1,1,-0.903841025196016,0.232988360337913,0.0101812523789704
0,0,1,-0.521490796469152,-0.865838326513767,-0.101602272130549
1,1,1,0.0463379104621708,-0.563517288304865,0.959816881921142
1,1,1,-0.304127842653543,-0.0263131991960108,0.50011765724048
0,0,1,-0.82094153854996,-0.677769687026739,-0.593904652632773
0,1,1,-0.499526931904256,0.431589693296701,-0.790833330713212
0,1,1,0.763569043017924,0.520187910180539,-0.783613737206906
1,1,1,0.719752779696137,-0.306331648025662,0.639638561289757
1,1,1,0.576748324558139,0.909212503582239,-0.559523317962885
1,1,1,0.0745542403310537,0.353698960505426,-0.745487886480987
1,1,1,0.438920799642801,0.22587354388088,0.761357107199728
1,1,1,0.458398502785712,0.426638740114868,-0.0257809250615537
1,1,1,0.180374950636178,0.734634874388576,-0.161998594645411
0,0,1,-0.470641010440886,-0.923352672718465,-0.690119923092425
0,0,1,-0.253922194242477,-0.504125664476305,-0.682531836908311
1,1,1,0.187529630493373,-0.0272585693746805,0.244232234545052
1,1,1,0.989647154696286,-0.679983773734421,0.0566241480410099
0,1,1,0.412414983846247,-0.24805281823501,0.00630087871104479
1,1,1,0.301334688905627,-0.241199045907706,-0.696822199970484
1,1,1,0.948084740433842,-0.597089468501508,0.344775554724038
0,1,1,0.455964811146259,-0.759698752313852,-0.317217560950667
0,0,1,-0.796750985085964,0.0437993565574288,-0.856582011561841
1,1,1,-0.569303115364164,0.20124549139291,0.360695139504969
0,1,1,-0.0771435876376927,0.0304792895913124,-0.95147618977353
1,1,1,-0.537677660118788,0.0465857060626149,0.278200904838741
0,1,1,-0.658721443731338,-0.312999289482832,-0.230657624080777
1,1,1,-0.775991118047386,0.852321562822908,-0.324201803188771
0,1,1,-0.97642776183784,0.349302837625146,-0.182943376712501
0,1,1,0.480264600832015,-0.694652446079999,0.38653623778373
1,1,1,-0.266423243097961,0.891943233087659,0.519367115106434
1,1,1,-0.843561925459653,0.613498103804886,0.746405659709126
1,1,1,0.137929785531014,-0.997110977768898,0.82330211950466
1,1,1,-0.468648537062109,-0.0754154468886554,-0.358676615636796
1,1,1,0.194546786602587,0.772235296200961,0.70467490516603
1,1,1,0.195807517040521,0.0730070313438773,0.725239480379969
1,1,1,-0.256574109662324,0.0316354711540043,0.798779532313347
0,1,1,0.524667670950294,0.0290729375556111,-0.586094208527356
1,1,1,0.263432275038213,-0.281462133396417,0.165240352042019
1,1,1,-0.105719049461186,-0.40099574578926,0.875215943902731
1,1,1,0.562539968173951,-0.70949437096715,0.75468616746366
1,1,1,-0.558836834039539,0.722837367095053,0.256676526740193
0,0,1,-0.54286246933043,-0.671759334392846,-0.182625054381788
1,1,1,0.100283338688314,0.815183959901333,-0.655265285633504
0,1,1,-0.733779348898679,-0.615225028246641,0.940873378887773
1,1,1,0.672454704996198,0.00710766389966011,-0.450850510504097
1,1,1,0.343173373956233,0.0745393470861018,-0.320139000192285
1,1,1,0.737384514417499,0.862014672718942,-0.180514784529805
1,1,1,0.992540422361344,-0.804466780275106,-0.495424548629671
1,1,1,0.686667049303651,-0.0525901285000145,-0.607070907950401
1,1,1,0.271189417690039,0.848223994486034,0.1229522167705
1,1,1,0.893626443576068,0.47754562087357,0.0480131972581148
1,1,1,0.132742214947939,0.888314733281732,-0.0107940989546478
1,1,1,-0.353668741416186,-0.465602281969041,0.190077782608569
1,1,1,0.173895398620516,0.202736339531839,0.494421316310763
1,1,1,-0.324965836014599,0.514286054298282,0.72446084395051
0,1,1,0.440547638107091,-0.425789471250027,-0.399719546083361
0,1,1,-0.511421571020037,-0.0288594835437834,0.140791678801179
1,1,1,0.242971156258136,0.467440394219011,0.847803973127156
1,1,1,0.88688937202096,0.574563616886735,-0.325698295608163
1,1,1,0.499008174985647,0.811317231971771,-0.335358233656734
1,1,1,0.0998144592158496,-0.855119983199984,0.349849070888013
1,1,1,0.576894016936421,0.112940387800336,-0.238190725911409
0,0,1,-0.044322423171252,-0.36000854568556,-0.610015890561044
1,1,1,0.437220519408584,-0.378592128865421,0.972710284870118
0,1,1,-0.201786262448877,-0.268264659214765,0.319144488777965
1,1,1,0.0876726415008307,0.242495469748974,0.733521087095141
0,1,1,0.734301043208688,-0.646914534270763,0.217400267254561
1,1,1,-0.620330689009279,0.811732116620988,0.594045669771731
1,1,1,0.606192023959011,0.0266993539407849,0.287820482160896
1,1,1,-0.0387154868803918,-0.458954566624016,-0.0255645210854709
1,1,1,0.350831957533956,-0.292631784919649,0.339499538298696
0,0,1,-0.834835171699524,-0.167192833963782,-0.545692999381572
0,1,1,0.448941851500422,-0.871267449110746,-0.823066238779575
1,1,1,0.222546304576099,0.762624979950488,0.456025685183704
1,1,1,-0.252359218429774,0.905257048085332,-0.654068824835122
1,1,1,0.375295330304652,0.126733431592584,0.372452132869512
0,0,1,-0.45321785332635,-0.870823760516942,-0.975152635481209
0,0,1,-0.676716689951718,-0.876736969687045,0.178499901667237
1,1,1,0.390377481933683,0.0577017180621624,-0.454692495521158
1,1,1,0.764832586515695,-0.752948038745672,0.937695707194507
0,1,1,0.57519925525412,-0.847237868700176,-0.910241377074271
0,1,1,-0.236189565621316,-0.860420104581863,0.130167314317077
0,1,1,0.983737378846854,-0.987206581514329,0.534938411787152
1,1,1,-0.406972289085388,0.0195187623612583,0.324415822979063
0,1,1,0.82488158531487,0.420716863125563,-0.848356898408383
0,0,1,-0.435916252899915,-0.96471993252635,0.0539404498413205
1,1,1,0.329861728474498,0.33976760180667,-0.34839900303632
0,0,1,-0.785005746409297,-0.420682989060879,-0.433618130162358
0,1,1,0.488343487959355,0.406575359404087,-0.857010736595839
1,1,1,0.203611684031785,-0.737374489195645,0.865565905813128
0,0,1,0.0330767780542374,-0.688126794062555,-0.809750129468739
1,1,1,-0.91846718871966,0.723000325728208,-0.29925528774038
1,1,1,0.227892734110355,0.347056514117867,-0.307649821508676
1,1,1,0.675721598789096,0.589291971642524,-0.0849946234375238
1,1,1,0.0823780386708677,0.87099832482636,0.758996367454529
0,0,1,-0.110752992331982,-0.564910643734038,-0.611541748978198
0,1,1,0.712995217647403,0.375719281844795,-0.835439753718674
0,1,1,-0.945203101728112,0.899846604093909,-0.891140612773597
0,1,1,-0.614573005586863,0.108002343215048,-0.249492281582206
0,0,1,-0.906946134287864,0.288316518068314,-0.35695091355592
0,0,1,-0.595982435159385,-0.96689291158691,0.0551439845003188
1,1,1,-0.799822420347482,0.0659278202801943,0.28908813605085
0,0,1,-0.679026957135648,-0.453052923548967,-0.323324347380549
0,1,1,0.277605098672211,0.809293784201145,-0.786005758680403
1,1,1,-0.914729012642056,-0.589340780396014,0.824026704300195
0,1,1,-0.419898536987603,-0.0192113388329744,-0.976939328946173
0,0,1,-0.0125036132521927,-0.931637793779373,-0.994356432463974
1,1,1,0.989557454828173,0.741687105502933,-0.952708793338388
1,1,1,-0.889055835083127,0.595130287576467,0.539118533954024
1,1,1,-0.128638200927526,0.961301991250366,0.280364206526428
1,1,1,0.0833597737364471,0.636862681247294,-0.580973972566426
1,1,1,0.598355810157955,0.699209515471011,-0.753686160314828
1,1,1,-0.966563136782497,0.85754432156682,-0.984052792657167
1,1,1,0.936582508031279,0.355812944006175,0.208038460928947
1,1,1,0.328325428534299,-0.0478016566485167,0.628383188974112
1,1,1,0.0176795059815049,0.286799269262701,0.157292794901878
1,1,1,0.16356332693249,0.818636996671557,-0.0135106849484146
1,1,1,-0.040718246717006,-0.804481509607285,0.831552733201534
1,1,1,-0.112785937264562,0.112708552274853,0.449507968965918
1,1,1,0.732032583095133,0.422365067061037,0.42307604663074
1,1,1,0.753938316367567,0.231839653570205,-0.591598845086992
0,0,1,-0.93646031524986,0.274835868738592,-0.980696465354413
1,1,1,0.743294811807573,0.941540194675326,0.849395660683513
1,1,1,-0.0992268198169768,0.372991136740893,-0.704551141243428
1,1,1,0.211281976196915,-0.180788526311517,0.0213932613842189
1,1,1,0.759256896562874,0.590834208298475,0.773191067390144
1,1,1,0.742493669036776,0.30095190834254,-0.904826474841684
1,1,1,0.364798602182418,0.719400093890727,-0.228535921312869
1,1,1,-0.751172896008939,-0.121329517569393,-0.139380265027285
0,1,1,0.874106009956449,-0.710226189345121,-0.440598007757217
1,1,1,0.42589849466458,-0.21896711178124,-0.141371842008084
1,1,1,-0.525125537533313,-0.0571250775828958,0.34971540234983
1,1,1,-0.702965456526726,-0.248836243059486,0.405333597678691
1,1,1,-0.52505364222452,0.144142538774759,0.536100008059293
1,1,1,0.272846944630146,-0.486744628753513,-0.400153513066471
0,0,1,-0.761002328246832,0.090393187943846,-0.679437384475023
1,1,1,-0.359329211525619,0.871920564211905,0.744724926538765
1,1,1,-0.375393729656935,0.774237071163952,0.51880852272734
1,1,1,0.70022193947807,-0.11151770548895,0.350885971449316
1,1,1,0.21301149437204,0.616659712512046,-0.182100669946522
1,1,1,0.418504746630788,-0.509395114611834,0.693072218913585
1,1,1,0.861748806666583,-0.488525111693889,0.292674636933953
1,1,1,0.270579479169101,0.596567166503519,-0.274026074912399
0,1,1,0.0196342817507684,-0.581163253635168,0.429567394778132
1,1,1,0.6709418091923,-0.833077502436936,0.0511962128803134
0,1,1,0.777261219918728,-0.717205998022109,-0.934547670651227
0,1,1,0.668849079404026,-0.268222679849714,-0.121685188729316
0,0,1,-0.852245399262756,-0.670679782051593,0.189149165060371
1,1,1,0.921125984750688,-0.139411440584809,-0.350293025374413
0,1,1,-0.0396384494379163,-0.131936989258975,-0.516186768654734
1,1,1,0.283932688646019,-0.72854595258832,0.659183772280812
1,1,1,-0.376491875387728,-0.130369685590267,0.478916571475565
1,1,1,-0.472192973364145,0.684793560300022,-0.24978435318917
0,1,1,0.528200655244291,-0.454232842195779,-0.148130729794502
1,1,1,-0.298285630065948,0.114460323471576,0.699697084259242
0,1,1,-0.925072262994945,-0.176651356276125,0.873585682827979
1,1,1,-0.521695171948522,-0.397926004137844,0.508332373108715
1,1,1,-0.708781253080815,0.425696329213679,0.953129084780812
0,0,1,0.146168784238398,-0.975418666843325,-0.486204267479479
0,1,1,-0.334348164964467,0.916996295563877,-0.86248878063634
1,1,1,-0.195386803243309,0.526076687965542,0.57053307723254
0,1,1,-0.424039307516068,0.0376882199198008,-0.769476685207337
1,1,1,0.82509931223467,0.54297654516995,-0.84197834180668
1,1,1,-0.147671092767268,-0.16757589019835,-0.0327484626322985
0,0,1,-0.457793373148888,-0.622183769475669,-0.893263791222125
1,1,1,0.00310341781005263,-0.249774474650621,0.726923773996532
0,0,1,-0.777675844263285,-0.45780473202467,0.141126044560224
0,1,1,-0.881866028066725,0.552230053581297,-0.77462376980111
0,1,1,-0.617481540888548,0.796500233002007,-0.546199026051909
0,1,1,-0.631041197571903,-0.447874612174928,0.522089274134487
0,1,1,0.0125812916085124,-0.2705650748685,-0.0151318195275962
1,1,1,0.38098238222301,-0.833682978060097,0.0318224090151489
1,1,1,-0.584791933652014,-0.0150110768154263,-0.194625846575946
1,1,1,0.663299530278891,-0.391886320430785,0.347987222950906
1,1,1,-0.23640011716634,-0.18810442276299,0.600463687907904
0,1,1,-0.618346601258963,-0.0791464536450803,0.31828559236601
1,1,1,-0.0196370310150087,0.297277836129069,0.682114279363304
1,1,1,0.480251862667501,0.333221002947539,0.521372782997787
0,0,1,-0.947405346669257,0.749838278628886,-0.822672189213336
0,1,1,0.151850065682083,0.151820277795196,0.378010895103216
1,1,1,0.763118441216648,0.325004723388702,0.798503912054002
1,1,1,0.492319692857563,0.419422633945942,-0.110773087479174
1,1,1,0.761733071412891,0.236071646213531,0.462307645007968
0,0,1,-0.771137688774616,-0.0930205387994647,-0.493333147838712
0,1,1,0.473432205617428,-0.456048586405814,-0.605892786290497
1,1,1,0.811554431915283,-0.163814992178231,0.00251321215182543
1,1,1,-0.580417284276336,0.684985090978444,-0.220148572232574
1,1,1,-0.464311562478542,0.138420424889773,0.225042637437582
0,1,1,0.188516282476485,-0.0585602563805878,-0.385707573033869
